20 20
0000000000000000000001111101101111110110011111111111111111100111110110111011011001111111111111111110011101111101001011100111111111111111111000111110111110101110011111111111111111100010011110011010110001111111111111111110001011011111001111300111111111111111111001111101110110111110021111111111111111100011111111111011111001111111111111111110011011011101111111100111111111111111111000000000000000000000
150 70 0 2 3 9 14 1 1
1 14 14 1 1
1 8 4 0 0
1 14 12 0 0
50 2 12 0 0
20 8 4 0 0
50 14 6 0 0
5
3 60 50 0 11 13 1 1 8 0 -1 -1
1 0 10 0 14 6 0 0 2 1
1 0 10 0 14 5 0 0 1 1
1 0 10 0 11 11 0 0 4 0
2 80 30 0 8 10 1 1 2 0
0 1 1 
1
