20 20
0000000000000000000000100110110111110110011111111111111111100110110111011110013001111111111111111110011101011011111101100111111111111111111001111111101100110110011111111111111111100110110011011110111001111111111111111110001101111111111101000211111111111111111001101110110101101110011111111111111111100110111011111011111001111111111111111110001111111011111101000111111111111111111000000000000000000000
500 50 0 0 0 1 12 1 1
1 14 6 1 1
1 14 8 1 1
1 17 8 1 1
50 14 16 1 1
20 8 16 1 1
50 5 8 1 1
5
3 300 50 40 17 11 1 1 0 1 -1 -1
1 100 10 20 17 4 1 1 0 1
1 100 10 20 2 4 1 1 0 1
2 200 30 30 14 4 1 1 0 1
2 200 30 30 14 16 1 1 0 1
0 0 0 
1
